Time simulation: 60 ; nr clients: 50 ; nr servers: 5
Time min arrival: 2 ; time max arrival: 40
Time min service: 1 ; time max service: 7
Max number of people in a queue: 5

Clients:
Id, Arrival Time, Service Time
1 17 3
2 28 5
3 21 4
4 38 4
5 33 6
6 17 7
7 15 3
8 27 1
9 4 2
10 7 1
11 26 3
12 25 3
13 5 4
14 39 4
15 7 1
16 15 2
17 27 4
18 23 7
19 37 6
20 23 5
21 26 7
22 22 7
23 18 4
24 29 5
25 2 7
26 21 3
27 7 6
28 32 4
29 27 4
30 26 6
31 9 5
32 24 3
33 33 2
34 25 4
35 8 6
36 25 4
37 7 5
38 37 2
39 10 7
40 30 3
41 28 6
42 33 4
43 4 6
44 4 6
45 21 4
46 4 6
47 11 7
48 35 6
49 19 4
50 9 7

Time: 0
Waiting clients: (1,17,3) (2,28,5) (3,21,4) (4,38,4) (5,33,6) (6,17,7) (7,15,3) (8,27,1) (9,4,2) (10,7,1) (11,26,3) (12,25,3) (13,5,4) (14,39,4) (15,7,1) (16,15,2) (17,27,4) (18,23,7) (19,37,6) (20,23,5) (21,26,7) (22,22,7) (23,18,4) (24,29,5) (25,2,7) (26,21,3) (27,7,6) (28,32,4) (29,27,4) (30,26,6) (31,9,5) (32,24,3) (33,33,2) (34,25,4) (35,8,6) (36,25,4) (37,7,5) (38,37,2) (39,10,7) (40,30,3) (41,28,6) (42,33,4) (43,4,6) (44,4,6) (45,21,4) (46,4,6) (47,11,7) (48,35,6) (49,19,4) (50,9,7) 
Queue: 1 closed
Queue: 2 closed
Queue: 3 closed
Queue: 4 closed
Queue: 5 closed

Time: 1
Waiting clients: (1,17,3) (2,28,5) (3,21,4) (4,38,4) (5,33,6) (6,17,7) (7,15,3) (8,27,1) (9,4,2) (10,7,1) (11,26,3) (12,25,3) (13,5,4) (14,39,4) (15,7,1) (16,15,2) (17,27,4) (18,23,7) (19,37,6) (20,23,5) (21,26,7) (22,22,7) (23,18,4) (24,29,5) (25,2,7) (26,21,3) (27,7,6) (28,32,4) (29,27,4) (30,26,6) (31,9,5) (32,24,3) (33,33,2) (34,25,4) (35,8,6) (36,25,4) (37,7,5) (38,37,2) (39,10,7) (40,30,3) (41,28,6) (42,33,4) (43,4,6) (44,4,6) (45,21,4) (46,4,6) (47,11,7) (48,35,6) (49,19,4) (50,9,7) 
Queue: 1 closed
Queue: 2 closed
Queue: 3 closed
Queue: 4 closed
Queue: 5 closed

Time: 2
Waiting clients: (1,17,3) (2,28,5) (3,21,4) (4,38,4) (5,33,6) (6,17,7) (7,15,3) (8,27,1) (9,4,2) (10,7,1) (11,26,3) (12,25,3) (13,5,4) (14,39,4) (15,7,1) (16,15,2) (17,27,4) (18,23,7) (19,37,6) (20,23,5) (21,26,7) (22,22,7) (23,18,4) (24,29,5) (26,21,3) (27,7,6) (28,32,4) (29,27,4) (30,26,6) (31,9,5) (32,24,3) (33,33,2) (34,25,4) (35,8,6) (36,25,4) (37,7,5) (38,37,2) (39,10,7) (40,30,3) (41,28,6) (42,33,4) (43,4,6) (44,4,6) (45,21,4) (46,4,6) (47,11,7) (48,35,6) (49,19,4) (50,9,7) 
Queue: 1 (25,2,7) 
Queue: 2 closed
Queue: 3 closed
Queue: 4 closed
Queue: 5 closed

Time: 3
Waiting clients: (1,17,3) (2,28,5) (3,21,4) (4,38,4) (5,33,6) (6,17,7) (7,15,3) (8,27,1) (9,4,2) (10,7,1) (11,26,3) (12,25,3) (13,5,4) (14,39,4) (15,7,1) (16,15,2) (17,27,4) (18,23,7) (19,37,6) (20,23,5) (21,26,7) (22,22,7) (23,18,4) (24,29,5) (26,21,3) (27,7,6) (28,32,4) (29,27,4) (30,26,6) (31,9,5) (32,24,3) (33,33,2) (34,25,4) (35,8,6) (36,25,4) (37,7,5) (38,37,2) (39,10,7) (40,30,3) (41,28,6) (42,33,4) (43,4,6) (44,4,6) (45,21,4) (46,4,6) (47,11,7) (48,35,6) (49,19,4) (50,9,7) 
Queue: 1 (25,2,7) 
Queue: 2 closed
Queue: 3 closed
Queue: 4 closed
Queue: 5 closed

Time: 4
Waiting clients: (1,17,3) (2,28,5) (3,21,4) (4,38,4) (5,33,6) (6,17,7) (7,15,3) (8,27,1) (10,7,1) (11,26,3) (12,25,3) (13,5,4) (14,39,4) (15,7,1) (16,15,2) (17,27,4) (18,23,7) (19,37,6) (20,23,5) (21,26,7) (22,22,7) (23,18,4) (24,29,5) (26,21,3) (27,7,6) (28,32,4) (29,27,4) (30,26,6) (31,9,5) (32,24,3) (33,33,2) (34,25,4) (35,8,6) (36,25,4) (37,7,5) (38,37,2) (39,10,7) (40,30,3) (41,28,6) (42,33,4) (45,21,4) (47,11,7) (48,35,6) (49,19,4) (50,9,7) 
Queue: 1 (25,2,7) 
Queue: 2 (9,4,2) 
Queue: 3 (43,4,6) 
Queue: 4 (44,4,6) 
Queue: 5 (46,4,6) 

Time: 5
Waiting clients: (1,17,3) (2,28,5) (3,21,4) (4,38,4) (5,33,6) (6,17,7) (7,15,3) (8,27,1) (10,7,1) (11,26,3) (12,25,3) (14,39,4) (15,7,1) (16,15,2) (17,27,4) (18,23,7) (19,37,6) (20,23,5) (21,26,7) (22,22,7) (23,18,4) (24,29,5) (26,21,3) (27,7,6) (28,32,4) (29,27,4) (30,26,6) (31,9,5) (32,24,3) (33,33,2) (34,25,4) (35,8,6) (36,25,4) (37,7,5) (38,37,2) (39,10,7) (40,30,3) (41,28,6) (42,33,4) (45,21,4) (47,11,7) (48,35,6) (49,19,4) (50,9,7) 
Queue: 1 (25,2,7) 
Queue: 2 (9,4,2) (13,5,4) 
Queue: 3 (43,4,6) 
Queue: 4 (44,4,6) 
Queue: 5 (46,4,6) 

Time: 6
Waiting clients: (1,17,3) (2,28,5) (3,21,4) (4,38,4) (5,33,6) (6,17,7) (7,15,3) (8,27,1) (10,7,1) (11,26,3) (12,25,3) (14,39,4) (15,7,1) (16,15,2) (17,27,4) (18,23,7) (19,37,6) (20,23,5) (21,26,7) (22,22,7) (23,18,4) (24,29,5) (26,21,3) (27,7,6) (28,32,4) (29,27,4) (30,26,6) (31,9,5) (32,24,3) (33,33,2) (34,25,4) (35,8,6) (36,25,4) (37,7,5) (38,37,2) (39,10,7) (40,30,3) (41,28,6) (42,33,4) (45,21,4) (47,11,7) (48,35,6) (49,19,4) (50,9,7) 
Queue: 1 (25,2,7) 
Queue: 2 (13,5,4) 
Queue: 3 (43,4,6) 
Queue: 4 (44,4,6) 
Queue: 5 (46,4,6) 

Time: 7
Waiting clients: (1,17,3) (2,28,5) (3,21,4) (4,38,4) (5,33,6) (6,17,7) (7,15,3) (8,27,1) (11,26,3) (12,25,3) (14,39,4) (16,15,2) (17,27,4) (18,23,7) (19,37,6) (20,23,5) (21,26,7) (22,22,7) (23,18,4) (24,29,5) (26,21,3) (28,32,4) (29,27,4) (30,26,6) (31,9,5) (32,24,3) (33,33,2) (34,25,4) (35,8,6) (36,25,4) (38,37,2) (39,10,7) (40,30,3) (41,28,6) (42,33,4) (45,21,4) (47,11,7) (48,35,6) (49,19,4) (50,9,7) 
Queue: 1 (25,2,7) 
Queue: 2 (13,5,4) (10,7,1) (15,7,1) (27,7,6) 
Queue: 3 (43,4,6) (37,7,5) 
Queue: 4 (44,4,6) 
Queue: 5 (46,4,6) 

Time: 8
Waiting clients: (1,17,3) (2,28,5) (3,21,4) (4,38,4) (5,33,6) (6,17,7) (7,15,3) (8,27,1) (11,26,3) (12,25,3) (14,39,4) (16,15,2) (17,27,4) (18,23,7) (19,37,6) (20,23,5) (21,26,7) (22,22,7) (23,18,4) (24,29,5) (26,21,3) (28,32,4) (29,27,4) (30,26,6) (31,9,5) (32,24,3) (33,33,2) (34,25,4) (36,25,4) (38,37,2) (39,10,7) (40,30,3) (41,28,6) (42,33,4) (45,21,4) (47,11,7) (48,35,6) (49,19,4) (50,9,7) 
Queue: 1 (25,2,7) 
Queue: 2 (13,5,4) (10,7,1) (15,7,1) (27,7,6) 
Queue: 3 (43,4,6) (37,7,5) 
Queue: 4 (44,4,6) (35,8,6) 
Queue: 5 (46,4,6) 

Time: 9
Waiting clients: (1,17,3) (2,28,5) (3,21,4) (4,38,4) (5,33,6) (6,17,7) (7,15,3) (8,27,1) (11,26,3) (12,25,3) (14,39,4) (16,15,2) (17,27,4) (18,23,7) (19,37,6) (20,23,5) (21,26,7) (22,22,7) (23,18,4) (24,29,5) (26,21,3) (28,32,4) (29,27,4) (30,26,6) (32,24,3) (33,33,2) (34,25,4) (36,25,4) (38,37,2) (39,10,7) (40,30,3) (41,28,6) (42,33,4) (45,21,4) (47,11,7) (48,35,6) (49,19,4) 
Queue: 1 (31,9,5) (50,9,7) 
Queue: 2 (13,5,4) (10,7,1) (15,7,1) (27,7,6) 
Queue: 3 (43,4,6) (37,7,5) 
Queue: 4 (44,4,6) (35,8,6) 
Queue: 5 (46,4,6) 

Time: 10
Waiting clients: (1,17,3) (2,28,5) (3,21,4) (4,38,4) (5,33,6) (6,17,7) (7,15,3) (8,27,1) (11,26,3) (12,25,3) (14,39,4) (16,15,2) (17,27,4) (18,23,7) (19,37,6) (20,23,5) (21,26,7) (22,22,7) (23,18,4) (24,29,5) (26,21,3) (28,32,4) (29,27,4) (30,26,6) (32,24,3) (33,33,2) (34,25,4) (36,25,4) (38,37,2) (40,30,3) (41,28,6) (42,33,4) (45,21,4) (47,11,7) (48,35,6) (49,19,4) 
Queue: 1 (31,9,5) (50,9,7) 
Queue: 2 (10,7,1) (15,7,1) (27,7,6) 
Queue: 3 (37,7,5) 
Queue: 4 (35,8,6) 
Queue: 5 (39,10,7) 

Time: 11
Waiting clients: (1,17,3) (2,28,5) (3,21,4) (4,38,4) (5,33,6) (6,17,7) (7,15,3) (8,27,1) (11,26,3) (12,25,3) (14,39,4) (16,15,2) (17,27,4) (18,23,7) (19,37,6) (20,23,5) (21,26,7) (22,22,7) (23,18,4) (24,29,5) (26,21,3) (28,32,4) (29,27,4) (30,26,6) (32,24,3) (33,33,2) (34,25,4) (36,25,4) (38,37,2) (40,30,3) (41,28,6) (42,33,4) (45,21,4) (48,35,6) (49,19,4) 
Queue: 1 (31,9,5) (50,9,7) 
Queue: 2 (15,7,1) (27,7,6) 
Queue: 3 (37,7,5) (47,11,7) 
Queue: 4 (35,8,6) 
Queue: 5 (39,10,7) 

Time: 12
Waiting clients: (1,17,3) (2,28,5) (3,21,4) (4,38,4) (5,33,6) (6,17,7) (7,15,3) (8,27,1) (11,26,3) (12,25,3) (14,39,4) (16,15,2) (17,27,4) (18,23,7) (19,37,6) (20,23,5) (21,26,7) (22,22,7) (23,18,4) (24,29,5) (26,21,3) (28,32,4) (29,27,4) (30,26,6) (32,24,3) (33,33,2) (34,25,4) (36,25,4) (38,37,2) (40,30,3) (41,28,6) (42,33,4) (45,21,4) (48,35,6) (49,19,4) 
Queue: 1 (31,9,5) (50,9,7) 
Queue: 2 (15,7,1) (27,7,6) 
Queue: 3 (37,7,5) (47,11,7) 
Queue: 4 (35,8,6) 
Queue: 5 (39,10,7) 

Time: 13
Waiting clients: (1,17,3) (2,28,5) (3,21,4) (4,38,4) (5,33,6) (6,17,7) (7,15,3) (8,27,1) (11,26,3) (12,25,3) (14,39,4) (16,15,2) (17,27,4) (18,23,7) (19,37,6) (20,23,5) (21,26,7) (22,22,7) (23,18,4) (24,29,5) (26,21,3) (28,32,4) (29,27,4) (30,26,6) (32,24,3) (33,33,2) (34,25,4) (36,25,4) (38,37,2) (40,30,3) (41,28,6) (42,33,4) (45,21,4) (48,35,6) (49,19,4) 
Queue: 1 (31,9,5) (50,9,7) 
Queue: 2 (27,7,6) 
Queue: 3 (37,7,5) (47,11,7) 
Queue: 4 (35,8,6) 
Queue: 5 (39,10,7) 

Time: 14
Waiting clients: (1,17,3) (2,28,5) (3,21,4) (4,38,4) (5,33,6) (6,17,7) (7,15,3) (8,27,1) (11,26,3) (12,25,3) (14,39,4) (16,15,2) (17,27,4) (18,23,7) (19,37,6) (20,23,5) (21,26,7) (22,22,7) (23,18,4) (24,29,5) (26,21,3) (28,32,4) (29,27,4) (30,26,6) (32,24,3) (33,33,2) (34,25,4) (36,25,4) (38,37,2) (40,30,3) (41,28,6) (42,33,4) (45,21,4) (48,35,6) (49,19,4) 
Queue: 1 (50,9,7) 
Queue: 2 (27,7,6) 
Queue: 3 (37,7,5) (47,11,7) 
Queue: 4 (35,8,6) 
Queue: 5 (39,10,7) 

Time: 15
Waiting clients: (1,17,3) (2,28,5) (3,21,4) (4,38,4) (5,33,6) (6,17,7) (8,27,1) (11,26,3) (12,25,3) (14,39,4) (17,27,4) (18,23,7) (19,37,6) (20,23,5) (21,26,7) (22,22,7) (23,18,4) (24,29,5) (26,21,3) (28,32,4) (29,27,4) (30,26,6) (32,24,3) (33,33,2) (34,25,4) (36,25,4) (38,37,2) (40,30,3) (41,28,6) (42,33,4) (45,21,4) (48,35,6) (49,19,4) 
Queue: 1 (50,9,7) 
Queue: 2 (27,7,6) (7,15,3) 
Queue: 3 (47,11,7) 
Queue: 4 (35,8,6) (16,15,2) 
Queue: 5 (39,10,7) 

Time: 16
Waiting clients: (1,17,3) (2,28,5) (3,21,4) (4,38,4) (5,33,6) (6,17,7) (8,27,1) (11,26,3) (12,25,3) (14,39,4) (17,27,4) (18,23,7) (19,37,6) (20,23,5) (21,26,7) (22,22,7) (23,18,4) (24,29,5) (26,21,3) (28,32,4) (29,27,4) (30,26,6) (32,24,3) (33,33,2) (34,25,4) (36,25,4) (38,37,2) (40,30,3) (41,28,6) (42,33,4) (45,21,4) (48,35,6) (49,19,4) 
Queue: 1 (50,9,7) 
Queue: 2 (27,7,6) (7,15,3) 
Queue: 3 (47,11,7) 
Queue: 4 (16,15,2) 
Queue: 5 (39,10,7) 

Time: 17
Waiting clients: (2,28,5) (3,21,4) (4,38,4) (5,33,6) (8,27,1) (11,26,3) (12,25,3) (14,39,4) (17,27,4) (18,23,7) (19,37,6) (20,23,5) (21,26,7) (22,22,7) (23,18,4) (24,29,5) (26,21,3) (28,32,4) (29,27,4) (30,26,6) (32,24,3) (33,33,2) (34,25,4) (36,25,4) (38,37,2) (40,30,3) (41,28,6) (42,33,4) (45,21,4) (48,35,6) (49,19,4) 
Queue: 1 (50,9,7) 
Queue: 2 (27,7,6) (7,15,3) 
Queue: 3 (47,11,7) 
Queue: 4 (16,15,2) (6,17,7) 
Queue: 5 (1,17,3) 

Time: 18
Waiting clients: (2,28,5) (3,21,4) (4,38,4) (5,33,6) (8,27,1) (11,26,3) (12,25,3) (14,39,4) (17,27,4) (18,23,7) (19,37,6) (20,23,5) (21,26,7) (22,22,7) (24,29,5) (26,21,3) (28,32,4) (29,27,4) (30,26,6) (32,24,3) (33,33,2) (34,25,4) (36,25,4) (38,37,2) (40,30,3) (41,28,6) (42,33,4) (45,21,4) (48,35,6) (49,19,4) 
Queue: 1 (50,9,7) 
Queue: 2 (27,7,6) (7,15,3) 
Queue: 3 (47,11,7) 
Queue: 4 (6,17,7) 
Queue: 5 (1,17,3) (23,18,4) 

Time: 19
Waiting clients: (2,28,5) (3,21,4) (4,38,4) (5,33,6) (8,27,1) (11,26,3) (12,25,3) (14,39,4) (17,27,4) (18,23,7) (19,37,6) (20,23,5) (21,26,7) (22,22,7) (24,29,5) (26,21,3) (28,32,4) (29,27,4) (30,26,6) (32,24,3) (33,33,2) (34,25,4) (36,25,4) (38,37,2) (40,30,3) (41,28,6) (42,33,4) (45,21,4) (48,35,6) 
Queue: 1 (50,9,7) 
Queue: 2 (7,15,3) (49,19,4) 
Queue: 3 (47,11,7) 
Queue: 4 (6,17,7) 
Queue: 5 (1,17,3) (23,18,4) 

Time: 20
Waiting clients: (2,28,5) (3,21,4) (4,38,4) (5,33,6) (8,27,1) (11,26,3) (12,25,3) (14,39,4) (17,27,4) (18,23,7) (19,37,6) (20,23,5) (21,26,7) (22,22,7) (24,29,5) (26,21,3) (28,32,4) (29,27,4) (30,26,6) (32,24,3) (33,33,2) (34,25,4) (36,25,4) (38,37,2) (40,30,3) (41,28,6) (42,33,4) (45,21,4) (48,35,6) 
Queue: 1 (50,9,7) 
Queue: 2 (7,15,3) (49,19,4) 
Queue: 3 (47,11,7) 
Queue: 4 (6,17,7) 
Queue: 5 (23,18,4) 

Time: 21
Waiting clients: (2,28,5) (4,38,4) (5,33,6) (8,27,1) (11,26,3) (12,25,3) (14,39,4) (17,27,4) (18,23,7) (19,37,6) (20,23,5) (21,26,7) (22,22,7) (24,29,5) (28,32,4) (29,27,4) (30,26,6) (32,24,3) (33,33,2) (34,25,4) (36,25,4) (38,37,2) (40,30,3) (41,28,6) (42,33,4) (48,35,6) 
Queue: 1 (3,21,4) (26,21,3) 
Queue: 2 (7,15,3) (49,19,4) 
Queue: 3 (47,11,7) 
Queue: 4 (6,17,7) 
Queue: 5 (23,18,4) (45,21,4) 

Time: 22
Waiting clients: (2,28,5) (4,38,4) (5,33,6) (8,27,1) (11,26,3) (12,25,3) (14,39,4) (17,27,4) (18,23,7) (19,37,6) (20,23,5) (21,26,7) (24,29,5) (28,32,4) (29,27,4) (30,26,6) (32,24,3) (33,33,2) (34,25,4) (36,25,4) (38,37,2) (40,30,3) (41,28,6) (42,33,4) (48,35,6) 
Queue: 1 (3,21,4) (26,21,3) 
Queue: 2 (49,19,4) 
Queue: 3 (22,22,7) 
Queue: 4 (6,17,7) 
Queue: 5 (23,18,4) (45,21,4) 

Time: 23
Waiting clients: (2,28,5) (4,38,4) (5,33,6) (8,27,1) (11,26,3) (12,25,3) (14,39,4) (17,27,4) (19,37,6) (21,26,7) (24,29,5) (28,32,4) (29,27,4) (30,26,6) (32,24,3) (33,33,2) (34,25,4) (36,25,4) (38,37,2) (40,30,3) (41,28,6) (42,33,4) (48,35,6) 
Queue: 1 (3,21,4) (26,21,3) (20,23,5) 
Queue: 2 (49,19,4) (18,23,7) 
Queue: 3 (22,22,7) 
Queue: 4 (6,17,7) 
Queue: 5 (23,18,4) (45,21,4) 

Time: 24
Waiting clients: (2,28,5) (4,38,4) (5,33,6) (8,27,1) (11,26,3) (12,25,3) (14,39,4) (17,27,4) (19,37,6) (21,26,7) (24,29,5) (28,32,4) (29,27,4) (30,26,6) (33,33,2) (34,25,4) (36,25,4) (38,37,2) (40,30,3) (41,28,6) (42,33,4) (48,35,6) 
Queue: 1 (3,21,4) (26,21,3) (20,23,5) 
Queue: 2 (49,19,4) (18,23,7) 
Queue: 3 (22,22,7) 
Queue: 4 (6,17,7) 
Queue: 5 (45,21,4) (32,24,3) 

Time: 25
Waiting clients: (2,28,5) (4,38,4) (5,33,6) (8,27,1) (11,26,3) (14,39,4) (17,27,4) (19,37,6) (21,26,7) (24,29,5) (28,32,4) (29,27,4) (30,26,6) (33,33,2) (38,37,2) (40,30,3) (41,28,6) (42,33,4) (48,35,6) 
Queue: 1 (26,21,3) (20,23,5) 
Queue: 2 (49,19,4) (18,23,7) 
Queue: 3 (22,22,7) (36,25,4) 
Queue: 4 (12,25,3) (34,25,4) 
Queue: 5 (45,21,4) (32,24,3) 

Time: 26
Waiting clients: (2,28,5) (4,38,4) (5,33,6) (8,27,1) (14,39,4) (17,27,4) (19,37,6) (24,29,5) (28,32,4) (29,27,4) (33,33,2) (38,37,2) (40,30,3) (41,28,6) (42,33,4) (48,35,6) 
Queue: 1 (26,21,3) (20,23,5) 
Queue: 2 (18,23,7) (11,26,3) 
Queue: 3 (22,22,7) (36,25,4) 
Queue: 4 (12,25,3) (34,25,4) (21,26,7) 
Queue: 5 (45,21,4) (32,24,3) (30,26,6) 

Time: 27
Waiting clients: (2,28,5) (4,38,4) (5,33,6) (14,39,4) (19,37,6) (24,29,5) (28,32,4) (33,33,2) (38,37,2) (40,30,3) (41,28,6) (42,33,4) (48,35,6) 
Queue: 1 (26,21,3) (20,23,5) (8,27,1) (17,27,4) 
Queue: 2 (18,23,7) (11,26,3) (29,27,4) 
Queue: 3 (22,22,7) (36,25,4) 
Queue: 4 (12,25,3) (34,25,4) (21,26,7) 
Queue: 5 (45,21,4) (32,24,3) (30,26,6) 

Time: 28
Waiting clients: (4,38,4) (5,33,6) (14,39,4) (19,37,6) (24,29,5) (28,32,4) (33,33,2) (38,37,2) (40,30,3) (42,33,4) (48,35,6) 
Queue: 1 (20,23,5) (8,27,1) (17,27,4) (41,28,6) 
Queue: 2 (18,23,7) (11,26,3) (29,27,4) 
Queue: 3 (22,22,7) (36,25,4) 
Queue: 4 (34,25,4) (21,26,7) 
Queue: 5 (32,24,3) (30,26,6) (2,28,5) 

Time: 29
Waiting clients: (4,38,4) (5,33,6) (14,39,4) (19,37,6) (28,32,4) (33,33,2) (38,37,2) (40,30,3) (42,33,4) (48,35,6) 
Queue: 1 (20,23,5) (8,27,1) (17,27,4) (41,28,6) 
Queue: 2 (18,23,7) (11,26,3) (29,27,4) 
Queue: 3 (36,25,4) (24,29,5) 
Queue: 4 (34,25,4) (21,26,7) 
Queue: 5 (32,24,3) (30,26,6) (2,28,5) 

Time: 30
Waiting clients: (4,38,4) (5,33,6) (14,39,4) (19,37,6) (28,32,4) (33,33,2) (38,37,2) (42,33,4) (48,35,6) 
Queue: 1 (20,23,5) (8,27,1) (17,27,4) (41,28,6) 
Queue: 2 (18,23,7) (11,26,3) (29,27,4) 
Queue: 3 (36,25,4) (24,29,5) (40,30,3) 
Queue: 4 (34,25,4) (21,26,7) 
Queue: 5 (32,24,3) (30,26,6) (2,28,5) 

Time: 31
Waiting clients: (4,38,4) (5,33,6) (14,39,4) (19,37,6) (28,32,4) (33,33,2) (38,37,2) (42,33,4) (48,35,6) 
Queue: 1 (20,23,5) (8,27,1) (17,27,4) (41,28,6) 
Queue: 2 (18,23,7) (11,26,3) (29,27,4) 
Queue: 3 (36,25,4) (24,29,5) (40,30,3) 
Queue: 4 (34,25,4) (21,26,7) 
Queue: 5 (30,26,6) (2,28,5) 

Time: 32
Waiting clients: (4,38,4) (5,33,6) (14,39,4) (19,37,6) (33,33,2) (38,37,2) (42,33,4) (48,35,6) 
Queue: 1 (20,23,5) (8,27,1) (17,27,4) (41,28,6) 
Queue: 2 (18,23,7) (11,26,3) (29,27,4) 
Queue: 3 (36,25,4) (24,29,5) (40,30,3) 
Queue: 4 (21,26,7) (28,32,4) 
Queue: 5 (30,26,6) (2,28,5) 

Time: 33
Waiting clients: (4,38,4) (14,39,4) (19,37,6) (38,37,2) (48,35,6) 
Queue: 1 (8,27,1) (17,27,4) (41,28,6) 
Queue: 2 (11,26,3) (29,27,4) (5,33,6) 
Queue: 3 (24,29,5) (40,30,3) (33,33,2) (42,33,4) 
Queue: 4 (21,26,7) (28,32,4) 
Queue: 5 (30,26,6) (2,28,5) 

Time: 34
Waiting clients: (4,38,4) (14,39,4) (19,37,6) (38,37,2) (48,35,6) 
Queue: 1 (17,27,4) (41,28,6) 
Queue: 2 (11,26,3) (29,27,4) (5,33,6) 
Queue: 3 (24,29,5) (40,30,3) (33,33,2) (42,33,4) 
Queue: 4 (21,26,7) (28,32,4) 
Queue: 5 (30,26,6) (2,28,5) 

Time: 35
Waiting clients: (4,38,4) (14,39,4) (19,37,6) (38,37,2) 
Queue: 1 (17,27,4) (41,28,6) (48,35,6) 
Queue: 2 (11,26,3) (29,27,4) (5,33,6) 
Queue: 3 (24,29,5) (40,30,3) (33,33,2) (42,33,4) 
Queue: 4 (21,26,7) (28,32,4) 
Queue: 5 (30,26,6) (2,28,5) 

Time: 36
Waiting clients: (4,38,4) (14,39,4) (19,37,6) (38,37,2) 
Queue: 1 (17,27,4) (41,28,6) (48,35,6) 
Queue: 2 (29,27,4) (5,33,6) 
Queue: 3 (24,29,5) (40,30,3) (33,33,2) (42,33,4) 
Queue: 4 (21,26,7) (28,32,4) 
Queue: 5 (30,26,6) (2,28,5) 

Time: 37
Waiting clients: (4,38,4) (14,39,4) 
Queue: 1 (17,27,4) (41,28,6) (48,35,6) 
Queue: 2 (29,27,4) (5,33,6) (38,37,2) 
Queue: 3 (24,29,5) (40,30,3) (33,33,2) (42,33,4) 
Queue: 4 (21,26,7) (28,32,4) 
Queue: 5 (2,28,5) (19,37,6) 

Time: 38
Waiting clients: (14,39,4) 
Queue: 1 (17,27,4) (41,28,6) (48,35,6) 
Queue: 2 (29,27,4) (5,33,6) (38,37,2) 
Queue: 3 (40,30,3) (33,33,2) (42,33,4) (4,38,4) 
Queue: 4 (21,26,7) (28,32,4) 
Queue: 5 (2,28,5) (19,37,6) 

Time: 39
Waiting clients: 
Queue: 1 (41,28,6) (48,35,6) 
Queue: 2 (29,27,4) (5,33,6) (38,37,2) 
Queue: 3 (40,30,3) (33,33,2) (42,33,4) (4,38,4) 
Queue: 4 (28,32,4) (14,39,4) 
Queue: 5 (2,28,5) (19,37,6) 

Time: 40
Waiting clients: 
Queue: 1 (41,28,6) (48,35,6) 
Queue: 2 (5,33,6) (38,37,2) 
Queue: 3 (40,30,3) (33,33,2) (42,33,4) (4,38,4) 
Queue: 4 (28,32,4) (14,39,4) 
Queue: 5 (2,28,5) (19,37,6) 

Time: 41
Waiting clients: 
Queue: 1 (41,28,6) (48,35,6) 
Queue: 2 (5,33,6) (38,37,2) 
Queue: 3 (33,33,2) (42,33,4) (4,38,4) 
Queue: 4 (28,32,4) (14,39,4) 
Queue: 5 (2,28,5) (19,37,6) 

Time: 42
Waiting clients: 
Queue: 1 (41,28,6) (48,35,6) 
Queue: 2 (5,33,6) (38,37,2) 
Queue: 3 (33,33,2) (42,33,4) (4,38,4) 
Queue: 4 (28,32,4) (14,39,4) 
Queue: 5 (19,37,6) 

Time: 43
Waiting clients: 
Queue: 1 (41,28,6) (48,35,6) 
Queue: 2 (5,33,6) (38,37,2) 
Queue: 3 (33,33,2) (42,33,4) (4,38,4) 
Queue: 4 (14,39,4) 
Queue: 5 (19,37,6) 

Time: 44
Waiting clients: 
Queue: 1 (41,28,6) (48,35,6) 
Queue: 2 (5,33,6) (38,37,2) 
Queue: 3 (42,33,4) (4,38,4) 
Queue: 4 (14,39,4) 
Queue: 5 (19,37,6) 

Time: 45
Waiting clients: 
Queue: 1 (48,35,6) 
Queue: 2 (5,33,6) (38,37,2) 
Queue: 3 (42,33,4) (4,38,4) 
Queue: 4 (14,39,4) 
Queue: 5 (19,37,6) 

Time: 46
Waiting clients: 
Queue: 1 (48,35,6) 
Queue: 2 (38,37,2) 
Queue: 3 (42,33,4) (4,38,4) 
Queue: 4 (14,39,4) 
Queue: 5 (19,37,6) 

Time: 47
Waiting clients: 
Queue: 1 (48,35,6) 
Queue: 2 (38,37,2) 
Queue: 3 (42,33,4) (4,38,4) 
Queue: 4 closed
Queue: 5 (19,37,6) 

Time: 48
Waiting clients: 
Queue: 1 (48,35,6) 
Queue: 2 closed
Queue: 3 (4,38,4) 
Queue: 4 closed
Queue: 5 closed

Time: 49
Waiting clients: 
Queue: 1 (48,35,6) 
Queue: 2 closed
Queue: 3 (4,38,4) 
Queue: 4 closed
Queue: 5 closed

Time: 50
Waiting clients: 
Queue: 1 (48,35,6) 
Queue: 2 closed
Queue: 3 (4,38,4) 
Queue: 4 closed
Queue: 5 closed

Time: 51
Waiting clients: 
Queue: 1 closed
Queue: 2 closed
Queue: 3 (4,38,4) 
Queue: 4 closed
Queue: 5 closed

Time: 52
Waiting clients: 
Queue: 1 closed
Queue: 2 closed
Queue: 3 closed
Queue: 4 closed
Queue: 5 closed

Time: 53
Waiting clients: 
Queue: 1 closed
Queue: 2 closed
Queue: 3 closed
Queue: 4 closed
Queue: 5 closed

Time: 54
Waiting clients: 
Queue: 1 closed
Queue: 2 closed
Queue: 3 closed
Queue: 4 closed
Queue: 5 closed

Time: 55
Waiting clients: 
Queue: 1 closed
Queue: 2 closed
Queue: 3 closed
Queue: 4 closed
Queue: 5 closed

Time: 56
Waiting clients: 
Queue: 1 closed
Queue: 2 closed
Queue: 3 closed
Queue: 4 closed
Queue: 5 closed

Time: 57
Waiting clients: 
Queue: 1 closed
Queue: 2 closed
Queue: 3 closed
Queue: 4 closed
Queue: 5 closed

Time: 58
Waiting clients: 
Queue: 1 closed
Queue: 2 closed
Queue: 3 closed
Queue: 4 closed
Queue: 5 closed

Time: 59
Waiting clients: 
Queue: 1 closed
Queue: 2 closed
Queue: 3 closed
Queue: 4 closed
Queue: 5 closed

Time: 60
Waiting clients: 
Queue: 1 closed
Queue: 2 closed
Queue: 3 closed
Queue: 4 closed
Queue: 5 closed

